6|10 2 5|6
3|12 4 4|3
5|6 2 2|5
3|7 3 2|3
3|15 3 3|7
3|5 1 3|7
3|9 1 3|13
100|87354 869 5522|100
2|4731 1952 4596|2
1959|46985 24 680|1959
102|26493 258 6041|102
2|97569 47904 94499|2
227|95323 419 70164|227
285|16292 57 5319|285
175|1576 9 645|175
304|93900 308 47023|304
110|52805 478 13210|110
189|69089 365 44163|189
218|15967 73 6624|218
352|75403 214 71480|352
130|50252 385 33361|130
233|19592 84 14100|233
259|50045 193 47247|259
681|12951 19 5450|681
2|74117 29097 53096|2
131|37532 286 32488|131
23|73182 3127 14345|23
103|10450 101 2143|103
14|88210 5900 8066|14
1|92327 58862 91978|1
1|38176 19779 25797|1
180|24246 134 7432|180
200|26903 134 21771|200
99|5066 51 4603|99
112|3920 35 1464|112
165|80277 485 9272|165
128|49480 386 27021|128
117|57736 490 660|117
340|2727 8 1825|340
137|89989 653 32669|137
1|7254 6631 1869|1
120|91444 761 32532|120
10|34007 3356 11026|10
183|20168 110 3697|183
482|61701 128 15035|482
138|21558 156 19404|138
1364|73681 54 23583|1364
142|61982 436 32386|142
2571|7713 3 2857|2571
10|72482 6685 32373|10
1|43057 32266 41137|1
151|57094 377 45466|151
1|47962 44111 29269|1
170|38303 225 9080|170
2|49044 16412 9926|2
395|70052 177 33218|395
196|77675 395 46116|196
607|53491 88 21405|607
2|9104 3679 7896|2
242|83069 342 47317|242
106|61528 577 8471|106
122|67134 546 29290|122
181|70499 389 47347|181
214|24014 112 994|214
101|47838 473 39027|101
106|43248 408 875|106
101|16197 159 15779|101
147|10924 74 3001|147
188|57427 305 55666|188
115|35212 306 30311|115
1|74242 69682 2982|1
218|13777 63 3773|218
150|47761 318 38943|150
1|60292 55754 6679|1
510|46465 91 13377|510
995|5975 6 3324|995
1|73743 50567 32203|1
72|216 3 206|72
1|56585 32364 5264|1
2|21156 7601 9991|2
146|39889 273 3237|146
158|15694 99 8121|158
129|70805 547 46112|129
286|14634 51 1827|286
1|13977 12896 12290|1
3|60287 15865 51833|3
262|9993 38 7296|262
3|38268 10609 35855|3
157|49670 315 19317|157
133|43059 322 33475|133
149|42474 285 8427|149
1045|13585 13 1621|1045
235|28678 122 4082|235
213|69725 326 37736|213
117|50625 432 32052|117
1|86886 60789 45275|1
123|77156 624 48818|123
3467|58928 17 3350|3467
11|91724 8220 69642|11
464|24641 53 2591|464
2|19239 8456 14980|2
200|9002 45 6309|200
3|91308 23579 28115|3
108|54788 504 34816|108
140|42790 304 25895|140
367|79736 217 15174|367
718|2872 4 2636|718
143|90330 629 16379|143
115|10467 91 5956|115
1|87330 86508 31346|1
157|81162 515 65404|157
195|77067 395 1815|195
347|80997 233 18986|347
430|90833 211 19930|430
101|65633 644 1407|101
322|56793 176 11583|322
283|82957 293 69062|283
213|11720 55 3521|213
105|19011 181 3531|105
103|14274 138 4392|103
106|9264 87 9118|106
176|4756 27 3023|176
108|33339 307 15725|108
344|4484 13 1844|344
115|68784 595 6544|115
1|53481 37761 41677|1
330|82290 249 51698|330
1|94274 70749 65040|1
186|19395 104 15403|186
117|42833 366 33732|117
143|49026 341 40771|143
338|99620 294 89219|338
153|72872 476 12832|153
118|61895 521 11524|118
1|67848 40346 54071|1
2166|36825 17 4267|2166
217|28727 132 25894|217
247|23971 97 8691|247
195|41733 214 26515|195
138|59505 429 58534|138
242|67022 276 17307|242
818|31928 39 26910|818
2859|94368 33 4446|2859
142|44634 314 11609|142
123|93570 755 50676|123
1814|58079 32 15887|1814
474|89650 189 73064|474
1|45578 34558 45554|1
118|60170 506 25137|118
186|27433 147 26546|186
100|60196 601 19596|100
2098|90252 43 82541|2098
387|44906 116 34002|387
842|88464 105 5412|842
914|85072 93 35902|914
1|67332 61010 55438|1
394|50048 127 31368|394
327|32451 99 20081|327
103|69698 674 31479|103
152|96863 637 81415|152
1|76002 65284 58050|1
782|85258 109 74229|782
3601|54028 15 34026|3601
108|99501 918 87586|108
2|38121 16311 7540|2
117|89376 759 46821|117
103|1959 19 1360|103
5|77814 13139 7102|5
308|29001 94 23108|308
1197|46700 39 31514|1197
118|43205 364 7462|118
161|2256 14 1876|161
305|67743 222 40082|305
1|39290 23290 28643|1
178|46086 258 35874|178
326|37174 114 15863|326
2|22675 9654 18550|2
284|69317 244 29546|284
1|6682 4015 4858|1
1|6661 5759 4622|1
1|95441 50208 44168|1
101|39587 389 2715|101
462|37423 81 21957|462
2|10067 4447 7677|2
142|85844 603 29726|142
515|91811 178 75543|515
7|58142 7680 22191|7
109|43228 394 14112|109
550|19816 36 6148|550
804|34594 43 5924|804
197|67799 343 59248|197
149|21441 143 848|149
347|77127 222 32824|347
538|80748 150 63912|538
129|83698 645 24611|129
1|47706 39938 35375|1
186|76224 409 22900|186
1202|97406 81 86867|1202
108|67088 617 56908|108
206|43735 212 564|206
147|59625 403 6000|147
344|22020 64 1237|344
401|17677 44 1699|401
1497|88374 59 21434|1497
1|20401 15783 9930|1
166|64494 388 55706|166
122|40723 333 33103|122
2|53744 20883 52912|2
1|54247 32290 3118|1
1|17167 14239 6911|1
382|29063 76 23539|382
145|67766 465 40956|145
1|13458 10013 6335|1
2|52834 26151 9284|2
115|43689 379 35996|115
319|43117 135 8444|319
1|28531 18813 23714|1
1|76461 49102 7272|1
246|85978 349 59865|246
1|83886 74505 22260|1
164|36270 220 13740|164
110|66202 597 35213|110
120|6966 58 5032|120
204|59297 290 37232|204
221|30351 137 3632|221
392|14510 37 7999|392
145|23631 162 16367|145
147|42698 289 10148|147
174|87051 498 81989|174
129|77824 601 8689|129
174|82409 473 48862|174
1950|23407 12 17318|1950
144|45622 316 14055|144
121|84223 692 21310|121
272|45498 167 32975|272
6|85325 13318 50520|6
171|13709 80 2341|171
2035|34610 17 25349|2035
109|45453 417 2970|109
189|36511 193 35339|189
3475|90359 26 18226|3475
1|84739 62204 79698|1
5654|90475 16 66473|5654
269|55702 207 44714|269
176|40312 229 20924|176
108|978 9 785|108
182|23915 131 15763|182
2|94933 42676 92148|2
108|42800 394 3558|108
375|40882 109 12913|375
184|98593 534 45664|184
209|43927 210 21984|209
142|280 2 64|142
1044|66816 64 3542|1044
3|5851 1748 1945|3
551|17654 32 10083|551
1|12715 12700 4915|1
424|54818 129 22255|424
1|66164 63657 53358|1
105|27538 261 22081|105
175|52887 301 31284|175
177|21888 123 16753|177
931|71763 77 30561|931
195|43288 221 16128|195
162|67658 416 2366|162
123|53603 435 39240|123
1463|90706 62 51357|1463
217|75170 346 40679|217
4|69425 15569 8706|4
155|59615 384 14272|155
2|5800 2396 3665|2
615|78125 127 61125|615
1|26779 14515 24350|1
131|62658 476 20999|131
168|44889 267 14351|168
179|54271 302 47763|179
95|1337 14 994|95
2|78600 27477 60898|2
190|64620 340 47318|190
1|82286 76608 60408|1
1|33930 31136 16791|1
132|84540 639 6719|132
427|98849 231 13440|427
162|67242 414 11496|162
1|44045 33516 27663|1
136|89723 659 21929|136
160|13488 84 9268|160
382|49324 129 10387|382
1125|39404 35 20810|1125
130|86691 664 73073|130
4|54615 13572 8923|4
132|16470 124 15044|132
1|28334 22459 18824|1
2581|95503 37 79451|2581
481|50555 105 37296|481
436|64655 148 47530|436
110|30124 272 12753|110
133|71265 535 36259|133
112|56259 501 33834|112
119|58578 489 52517|119
182|72182 395 31012|182
129|4165 34 18|129
5|32625 6155 16556|5
116|37411 321 35098|116
2|54962 21324 27714|2
1|55405 40713 13907|1
130|78366 600 25722|130
181|31597 174 19648|181
1|53784 34425 40359|1
292|23071 79 4854|292
1|70456 41119 20887|1
1|63321 33513 8250|1
116|60163 516 5501|116
150|78042 520 49082|150
157|31892 203 2264|157
118|12188 103 11886|118
668|40788 61 40666|668
123|84801 686 25700|123
2|58290 23696 26020|2
293|69539 237 64267|293
102|84970 829 50441|102
234|64219 274 45596|234
351|14056 40 3143|351
1|26145 20496 23143|1
534|78640 147 60173|534
1|63176 47891 27801|1
7|98498 13228 14946|7
130|61123 468 20515|130
133|47210 353 31686|133
778|82482 106 81255|778
544|29932 55 25666|544
1|45600 29158 21034|1
1086|27168 25 7731|1086
165|2317 14 1219|165
350|94608 270 37509|350
143|47174 328 2191|143
1403|99621 71 13977|1403
187|66648 356 48458|187
311|68622 220 46039|311
1|31842 16853 4804|1
2|9682 3754 4910|2
338|46317 137 6898|338
2477|91679 37 11381|2477
641|21805 34 1884|641
117|14726 125 12599|117
2|78345 29284 69496|2
255|51341 201 23600|255
112|36567 325 14618|112
150|17482 116 10399|150
1163|51174 44 47260|1163
1|11590 11320 5031|1
563|73234 130 65628|563
144|57236 395 41734|144
1|6816 6328 1756|1
360|11176 31 5994|360
113|81585 717 58825|113
1|66362 64462 55901|1
457|44826 98 28910|457
116|96371 828 47425|116
120|2530 21 1377|120
122|68608 562 9775|122
6|22906 3437 4178|6
105|34035 324 30804|105
123|85501 690 35045|123
1555|15554 10 10339|1555
1263|32848 26 8014|1263
271|8150 30 1790|271
116|7685 66 2607|116
3|32900 9585 27786|3
609|92090 151 50495|609
174|8189 47 2122|174
214|81571 381 65302|214
103|54329 524 53800|103
2352|70560 30 69850|2352
12|97468 8029 75898|12
2|87078 40292 5171|2
2|40805 14664 7164|2
124|35190 283 10319|124
2|48179 21442 44252|2
135|4196 31 1382|135
180|74923 414 19552|180
150|96575 643 42042|150
537|49413 92 46365|537
278|47302 170 19043|278
359|92638 258 1511|359
228|36843 161 17552|228
386|77281 200 71615|386
261|26110 100 9571|261
136|35725 262 6013|136
140|23313 166 20549|140
665|23958 36 16200|665
277|43824 158 25248|277
1|55192 39836 43961|1
195|91204 467 20730|195
146|18885 129 16382|146
3784|83254 22 33543|3784
291|73751 253 13355|291
283|49128 173 25594|283
16|59385 3658 8068|16
117|63479 538 54095|117
311|79674 256 69429|311
109|5175 50 17|109
151|76454 505 59419|151
133|49307 368 19760|133
458|86697 189 57967|458
211|3166 15 1261|211
135|78107 578 27435|135
12|90135 7455 5044|12
392|7056 18 3143|392
489|88561 181 38128|489
231|8799 38 5248|231
186|15864 85 6046|186
322|13540 42 5486|322
95|1528 16 1151|95
253|61704 243 14335|253
3|47612 14060 42599|3
139|26732 191 20035|139
221|23753 107 10122|221
212|71031 335 9822|212
1|25767 15339 14345|1
235|52860 224 12074|235
145|74227 509 10431|145
911|33708 37 10464|911
3|83103 23041 52209|3
126|81398 645 35361|126
2|52820 20697 27970|2
187|68957 367 61100|187
1|92078 71722 48676|1
216|24907 115 9365|216
156|39075 250 37197|156
574|82128 143 81076|574
264|6613 25 4378|264
217|48653 224 3201|217
109|74890 683 20770|109
168|30993 184 2564|168
131|3149 24 3031|131
114|85254 743 73985|114
114|16279 142 592|114
230|86579 375 41019|230
135|97502 722 58229|135
143|858 6 509|143
100|89615 892 2311|100
3|6933 1995 1351|3
114|39396 345 843|114
209|24478 117 909|209
3254|87776 27 719|3254
3|20561 5822 18380|3
2|87638 37418 56379|2
190|40549 213 20448|190
141|34133 242 16804|141
9|71509 7234 36959|9
738|95945 130 33264|738
378|50672 134 47539|378
112|21956 196 5081|112
101|57556 569 19439|101
5799|75388 13 11018|5799
513|94472 184 46768|513
350|73175 209 64453|350
316|53880 170 32412|316
123|39145 317 30266|123
203|55464 272 17867|203
11874|47496 4 24351|11874
116|14740 127 9796|116
149|77887 520 66076|149
106|67830 638 37118|106
6598|46192 7 27671|6598
1|72467 58688 50106|1
207|61150 295 31531|207
913|3654 4 3266|913
263|67175 255 16373|263
201|16500 82 1302|201
1|68247 54902 20491|1
1256|62845 50 3434|1256
109|89317 812 25942|109
2|88274 39087 63029|2
119|48594 408 14582|119
250|7481 30 163|250
142|90267 635 16961|142
124|26543 214 22089|124
143|88795 617 12772|143
199|46070 231 38135|199
1|13780 10432 6780|1
568|31812 56 29933|568
9|9901 1086 6752|9
184|28779 156 10454|184
155|70455 454 11116|155
147|16478 112 6146|147
912|89393 98 48913|912
1|42693 23105 5834|1
168|34212 203 30677|168
182|77369 425 24341|182
120|62450 519 4669|120
230|97019 421 21435|230
2103|44169 21 17210|2103
197|98757 499 26791|197
143|48128 335 39275|143
1|73235 48391 16931|1
404|13343 33 3108|404
159|5570 35 4085|159
141|5640 40 2136|141
1|95493 52796 56288|1
1|56839 55570 379|1
14|20884 1454 5949|14
168|91852 544 47703|168
6|8661 1290 5548|6
6|4863 792 887|6
2188|56903 26 42289|2188
135|45186 334 26270|135
171|65334 380 51461|171
1|4633 3519 2425|1
8|85323 10240 46169|8
3915|35238 9 21984|3915
412|26395 64 23429|412
1|88965 77502 77236|1
110|32158 291 17405|110
1|16597 11846 4301|1
168|68004 403 17703|168
194|82097 423 37160|194
313|6903 22 4266|313
430|51201 119 17256|430
234|99098 423 44596|234
165|67456 408 28301|165
124|93861 755 2028|124
233|89579 384 19828|233
447|12539 28 6215|447
192|50275 261 39505|192
107|83962 779 19683|107
556|96791 174 2165|556
177|94276 531 68391|177
14|50395 3368 31005|14
4|78499 16367 62243|4
1514|89362 59 85904|1514
115|96220 831 85383|115
106|52648 495 11320|106
356|91311 256 11194|356
159|60063 376 33445|159
526|7894 15 2024|526
113|75862 668 70604|113
560|45371 81 16717|560
1026|53382 52 15030|1026
99|15299 153 10476|99
110|24444 221 20140|110
2|19838 7913 13303|2
2707|24370 9 15977|2707
180|96146 533 45163|180
128|15277 119 2144|128
2|93816 38584 44971|2
219|61577 280 23681|219
228|28729 126 9725|228
406|23970 59 23557|406
328|68687 209 58585|328
172|65714 382 14697|172
105|35268 335 4679|105
1|52691 39968 31087|1
1|13003 11720 9934|1
648|1945 3 968|648
256|20013 78 14796|256
730|97887 134 20782|730
828|53874 65 45419|828
1|50733 43094 43146|1
184|57974 314 54182|184
111|66451 597 19877|111
2|76507 32153 75140|2
116|69597 598 22171|116
145|49150 338 33709|145
307|29554 96 24468|307
101|68630 673 1009|101
126|62858 496 51342|126
311|80098 257 2638|311
159|21587 135 14208|159
139|51090 365 46447|139
344|79296 230 25272|344
125|41520 332 18909|125
321|16711 52 6830|321
104|1983 19 1090|104
492|61018 124 851|492
113|60958 539 33992|113
106|92420 871 76004|106
141|76573 542 6091|141
1003|16053 16 3890|1003
2|5722 2364 1605|2
2|28671 11559 26812|2
2|72419 27274 70860|2
250|74279 297 65896|250
12|54565 4440 48521|12
104|32707 313 12017|104
1|81741 67040 69091|1
2|92789 39528 86093|2
101|28669 283 9031|101
1|52178 32481 10680|1
358|35128 98 34855|358
117|86590 737 66253|117
133|44596 334 43905|133
1|58139 52503 16855|1
6907|75985 11 51347|6907
1|58508 42475 28792|1
280|64839 231 41218|280
206|10732 52 9243|206
116|96957 835 88147|116
119|8610 72 5827|119
1|9424 6293 8384|1
130|56382 431 20127|130
1|89992 66851 57872|1
173|90698 524 22590|173
7|88826 12421 2004|7
217|91451 421 59714|217
175|25914 148 18915|175
105|37920 360 31248|105
122|94690 775 5027|122
164|88372 538 72741|164
140|27854 198 24626|140
1|7199 5684 619|1
3|55846 16342 55453|3
144|45055 312 15352|144
226|18836 83 18438|226
100|27294 271 17668|100
3|10764 3111 3922|3
1|23828 13974 20423|1
123|47237 381 4811|123
135|52279 386 46421|135
121|73899 608 68771|121
116|49736 427 4078|116
1|17438 13217 16671|1
121|73270 602 65869|121
1|25048 18658 2049|1
152|69325 454 55230|152
1|16739 9968 160|1
148|1332 9 462|148
1|86812 55289 50725|1
121|89815 737 80327|121
315|51729 164 17334|315
758|33354 44 14120|758
130|86478 661 18143|130
1193|17908 15 2316|1193
7|88853 12537 83892|7
271|62707 231 33759|271
133|34301 256 26072|133
153|1379 9 1089|153
130|83441 637 76790|130
1|81774 57569 61027|1
6|50410 8043 32048|6
1927|73245 38 10635|1927
1|65474 42693 12554|1
111|50846 457 5154|111
2|41471 19417 41003|2
3|48726 14385 24799|3
296|16631 56 11139|296
6|48718 7597 41992|6
5|71513 13876 3401|5
126|43954 348 14311|126
120|83348 689 78590|120
371|84981 229 13391|371
107|52512 490 5448|107
118|14090 119 2103|118
231|83696 362 68771|231
488|72758 149 17088|488
182|77989 427 63888|182
219|95683 436 19842|219
480|97053 202 71490|480
200|72929 363 70796|200
200|62266 311 35270|200
293|26390 90 16437|293
175|50626 288 27492|175
564|85827 152 4040|564
1|84692 78649 51136|1
4|93067 19901 798|4
112|63883 567 52478|112
221|50517 228 42505|221
102|58142 567 55363|102
127|94994 744 10989|127
2|52440 18523 24292|2
245|95586 389 80778|245
1|26792 16777 23383|1
440|63027 143 62700|440
1|65685 50290 40119|1
130|47520 363 46261|130
1|29088 16842 13602|1
160|45067 281 35886|160
6|96823 14873 41790|6
2|77876 38569 53053|2
102|90103 883 1684|102
934|70066 75 53180|934
1|31343 26257 30858|1
158|62104 392 37715|158
208|22358 107 14430|208
116|56470 484 17528|116
161|58766 363 36748|161
129|94667 733 86064|129
222|39022 175 8676|222
113|21600 190 7043|113
479|48450 101 20595|479
2|7401 3404 1875|2
2|56389 25300 22190|2
125|63750 506 3266|125
740|83710 113 18437|740
1|91980 51684 79853|1
2|98725 38093 57506|2
110|48139 435 6520|110
276|51103 185 40154|276
436|51473 118 30674|436
162|48890 300 5772|162
223|51390 230 44301|223
100|24521 243 19857|100
1|66133 58344 40831|1
394|52462 133 23913|394
118|37661 318 20082|118
1|55275 36205 15566|1
156|42103 269 2422|156
2558|46046 18 5364|2558
2|30306 14523 373|2
584|46745 80 15361|584
2|44391 21965 39363|2
274|20055 73 7552|274
397|52503 132 44379|397
327|48742 149 19610|327
166|70735 425 43047|166
163|19613 120 13255|163
232|77072 331 69866|232
1|84269 59585 64955|1
112|16465 146 15088|112
4|16079 3344 12807|4
195|20707 106 9683|195
104|60660 582 58594|104
1|1662 919 1440|1
116|30449 261 28748|116
1|95157 89194 54328|1
837|71223 85 57969|837
905|82370 91 28186|905
203|70003 344 48017|203
359|99658 277 62941|359
152|71126 465 10617|152
151|51573 341 44328|151
123|21367 173 5000|123
138|31888 230 1367|138
113|38187 335 2661|113
7|41957 5590 33677|7
1|55784 36152 603|1
4|19767 4439 5668|4
175|25278 144 4838|175
1|42558 36742 29518|1
139|62255 446 17797|139
374|23972 64 2644|374
228|16257 71 10223|228
764|66481 87 7959|764
156|64161 411 34942|156
216|57475 266 41076|216
124|18731 150 7476|124
157|26038 165 22371|157
3278|85242 26 64289|3278
101|21272 210 3634|101
120|59547 494 46568|120
9|69151 7122 22325|9
170|29713 174 26995|170
222|68012 306 16127|222
292|50080 171 7140|292
147|57149 387 40120|147
1|95175 60405 54386|1
107|74573 695 66459|107
60|118 2 52|60
2|30835 14361 18198|2
167|30504 182 21305|167
188|53194 282 2695|188
432|9948 23 7504|432
103|16614 160 635|103
147|76159 518 8437|147
300|15334 51 14494|300
156|49226 314 36310|156
300|68623 228 31995|300
1|54804 38102 20051|1
775|51977 67 45905|775
1|90345 74624 51148|1
1|41823 37786 13240|1
1050|64107 61 56401|1050
168|77067 458 5340|168
16|76364 4574 51004|16
1|52414 31228 30125|1
374|14613 39 4798|374
613|57048 93 10093|613
45|35042 762 16039|45
193|34838 180 4980|193
17|69378 4016 49647|17
3347|93741 28 32988|3347
311|93868 301 58951|311
589|10027 17 1335|589
130|13734 105 11599|130
5|31517 6146 1149|5
114|72788 637 33950|114
1|71106 64489 10948|1
2|23657 9719 2661|2
138|9430 68 5032|138
5|36936 6600 35249|5
233|73247 314 54947|233
597|33486 56 10390|597
30609|61216 2 28273|30609
548|40074 73 27237|548
4|30946 7448 5553|4
289|17398 60 954|289
209|97017 464 63855|209
128|22861 178 6109|128
1524|56413 37 16664|1524
1|26510 19215 21645|1
1484|60874 41 36679|1484
38|93508 2399 92231|38
171|78397 456 49675|171
225|20487 91 12284|225
162|79251 489 71563|162
1|41148 35159 34414|1
456|33255 73 423|456
142|25556 179 18396|142
137|30155 220 12170|137
22|51839 2268 34285|22
1|70501 43959 41625|1
107|42306 393 11094|107
327|86884 265 39271|327
138|6944 50 6532|138
108|40445 373 35321|108
154|22038 143 730|154
451|64519 143 62229|451
109|49103 448 5241|109
509|87166 171 69938|509
105|50655 482 35516|105
150|75252 500 60956|150
140|15223 108 3676|140
358|71010 198 15951|358
2|81250 30425 23073|2
231|49454 214 13612|231
1|60257 34194 37573|1
237|92206 389 39960|237
3|6849 1812 4722|3
1|33489 30322 13369|1
281|8158 29 4038|281
355|78220 220 17076|355
596|95409 160 93823|596
153|85608 556 61757|153
308|19756 64 6076|308
267|41704 156 19501|267
133|36558 273 36187|133
172|30705 178 5984|172
4|11952 2597 450|4
1|51934 48440 11724|1
861|35331 41 14218|861
150|11404 76 5022|150
106|66926 626 26921|106
125|24293 193 17931|125
511|85433 167 14596|511
1|28836 24589 3119|1
153|73467 480 34187|153
171|82965 485 19579|171
138|12446 90 10304|138
1|99621 83510 98557|1
345|81634 236 1428|345
3|53858 15536 52540|3
137|38299 278 16894|137
1|21874 20577 17492|1
3135|65846 21 48429|3135
102|91164 888 61161|102
119|90220 757 40483|119
1277|5104 4 944|1277
1|26264 24692 5474|1
135|46510 342 28763|135
210|56289 268 11203|210
532|41568 78 16290|532
118|67294 569 16734|118
5|69837 12128 57872|5
1|16485 12962 946|1
2|48689 24138 29685|2
1359|51655 38 14732|1359
112|91985 815 81061|112
5347|53473 10 43473|5347
141|82836 586 10384|141
110|84800 770 19101|110
1|13560 13018 5068|1
337|6078 18 2107|337
205|66119 321 13204|205
1|90949 86660 52849|1
1|99620 89010 27272|1
134|46566 345 25073|134
103|33036 319 1072|103
486|48600 100 29017|486
291|21843 75 7510|291
577|32330 56 8948|577
9|99410 10255 73085|9
1246|26176 21 1352|1246
7|94711 11910 2537|7
4|14053 3222 1612|4
179|12039 67 10262|179
384|71115 185 25971|384
152|98116 644 36046|152
289|52417 181 15455|289
285|47124 165 29681|285
207|96773 466 35191|207
1|23296 16154 18255|1
243|69383 285 20076|243
131|25955 198 16554|131
335|82103 245 58560|335
187|25712 137 3758|187
101|74804 738 41613|101
4|41473 9341 4165|4
1|93443 57229 76903|1
55|91743 1639 59440|55
271|64563 238 51080|271
104|17102 163 901|104
2|3295 1134 457|2
109|85099 780 16817|109
588|48886 83 35891|588
110|98861 891 53340|110
464|34375 74 3474|464
160|1423 9 70|160
1|16723 12321 13087|1
991|16848 17 7926|991
1|34906 26205 6054|1
372|75911 204 34771|372
125|74731 597 30030|125
220|57920 263 42215|220
637|75255 118 33753|637
119|52907 442 988|119
121|2308 19 1204|121
183|70165 382 40120|183
113|48833 431 34380|113
305|8241 27 3821|305
1|42814 21480 31102|1
140|30727 219 24256|140
123|56345 458 10605|123
306|29774 97 23581|306
2|45008 20177 44994|2
323|49524 153 13449|323
158|57333 362 2426|158
367|99559 271 90728|367
1|62060 34015 42323|1
11|37318 3270 3725|11
2272|79535 35 22290|2272
165|38671 233 16183|165
174|3663 21 2898|174
169|71299 420 31141|169
166|17019 102 2712|166
148|39130 263 28837|148
158|9998 63 7872|158
157|42875 272 34174|157
124|61976 499 32933|124
137|25110 183 4710|137
1597|87858 55 28722|1597
14910|89457 6 10549|14910
140|97178 691 75960|140
1|90751 82043 86061|1
338|5419 16 5129|338
172|26663 155 3472|172
201|79221 393 2785|201
154|31780 206 14763|154
179|89074 496 84719|179
2|86962 39924 26066|2
1|95392 62329 14868|1
130|29992 229 10089|130
133|83960 630 19396|133
1534|4600 3 1097|1534
3|36919 9849 17622|3
174|2089 12 414|174
2|25640 9236 4120|2
131|82285 625 49871|131
200|54838 273 14147|200
181|24311 134 2726|181
385|57475 149 29136|385
114|33717 295 29513|114
2|11274 4721 2375|2
146|96821 663 72339|146
232|28342 122 19113|232
100|84198 839 74310|100
179|68636 382 27889|179
1308|98128 75 73112|1308
110|53268 484 45218|110
239|97998 410 63588|239
275|52318 190 46297|275
188|9776 52 5928|188
630|3782 6 2768|630
5|21360 4255 20965|5
166|89082 534 17327|166
201|73754 366 29043|201
1362|39525 29 10678|1362
216|54787 253 53979|216
632|97423 154 71208|632
147|42925 291 33390|147
279|36930 132 5879|279
2|89200 36520 30010|2
315|90933 288 59859|315
1882|58352 31 22450|1882
205|49488 241 22433|205
846|58389 69 5952|846
114|2287 20 1973|114
217|25172 116 4802|217
103|89427 863 17346|103
3|92116 25543 43680|3
5|66107 11951 31999|5
1226|39258 32 26878|1226
149|23559 158 11898|149
1|64005 62338 55389|1
1|21361 20385 2098|1
6983|6982 1 5176|6983
3|51451 17028 1158|3
1|94423 68152 77145|1
248|10675 43 894|248
1|79072 41355 29450|1
110|37836 343 15160|110
185|29250 158 15988|185
27|46223 1689 20451|27
115|93966 816 18425|115
1634|60461 37 43449|1634
1404|22464 16 3027|1404
198|49546 249 9518|198